60578439812
42918570356
35174869203
84267190547
71526384960
63028714589
27394560174
95183670425
68074219538
81350427692
29573846104
54061839275
49725386107
37081459263
96481372580
21467530946
54782063185
68157394206
35618247098
76390451827
48531760923
19576083492
72059681340
40725196835
95781264057
32951406861
60273819456
67493251874
52819637094
87230514961
65174382059
38401762592
41986375260
57691320485
82059647132
63527189406
76315492803
49168723580
50831674920
67382541069
93478156203
51629087451
68425731089
95268134706
27134869052
70451986237
51678329046
83597142608
20394765831
84921653704
37562981052
68291547360
51236798415
49702813567
38547091629
70152864390
93810475216
30657219483
41726389050
84590731662
52746380149
20468153976
36592048157
54173968052
87296451307
61832590472
46130789521
72451063890
60957321864
94275063185
30267914587
54189276304
81364029751
52043718962
95820463713
30927651840
69318254097
17286453980
64709253184
25801749365
84176325097
50643187962
36571098420
72509861347
15349286075
70261834951
48156372009
26034815769
98356072412
31789560482
61842957360
29418563790
46132075805
86715342098
24578369127
53068291764
39680425159
47856391208
60973154862
73125980456
24576109387
50769234861
95037468129
67154098320
31279568047
82164395074
47596138052
63847025179
95673421860
15268349751
70362184934
59751368042
41678039506
51236849027
65804279136
84320691750
34968502714
62593184072
49763520841
83027651496
51674938207
20463158792
37925416805
80137496251
69480327165
82374615097
41593762804
56720389451
69483012753
58079164382
61285347069
75162089347
56324718905
98421603572
14583697062
73260954186
37250864197
20578136942
98413267580
25960483173
61893074562
43217980561
50164739850
62908137456
86097532419
29743605821
95173820647
81653942750
54823170964
32571896403
43817650982
76189035425
59613248793
50492781656
23456107839
75092658140
64758190273
53049716285
38402791560
62587149306
75821096432
50973821486
20496378551
61734925840
43219560763
38276145980
61452083795
83604912754
96073184526
27185364079
56891264735
49376285120
60579410358
70942138597
36895162740
29071653462
84175260380
92751846021
61704289356
57283916049
30951472658
60823791504
81264073562
43127596804
75319842760
95863174205
36951042871
20764358192
64087513927
76120845369
45873190520
31549876254
60923847150
52734086561
94275183605
81390562471
50476231864
18756043297
63108742958
47152063890
70245386157
58631720490
82076314957
90461532768
23578190462
50719623884
84352068191
75926843056
96157420893
68523147052
50843796231
61378290547
20485637109
37562984057
58190674263
72048356138
49317625890
29457380612
64890237510
85276190423
41693578204
70213684559
85693072143
50874931760
97361485209
31426780956
23698157492
74165820934
86175934061
52390714680
63721948505
20473658193
49538726170
63485019742
76120948351
94752608364
39186420578
20574391680
43102756458
61793845023
94350728165
26845173906
85249716340
73965182402
31458967520
92674051381
45196832705
61870395427
37956182064
50619372849
39281574605
54716320891
80426315768
97360215843
65172843920
85647923104
60475839156
23918764025
50937641208
73150896452
28649076315
60527318476
43786952012
68957243058
49216358079
35861742904
79524083651
56189304267
75208461903
41867250973
29037614865
68175290342
34791860257
50976231870
42150697383
94057162384
82549316701
63087251498
15468273960
42860731592
57140628374
73819052463
95273148605
32850467172
68153902760
39580416278
67425189304
15390842762
59167380427
37291548650
46783125904
92875164032
34129587065
83264907158
59470182365
27068134589
56349271047
68491352760
83710546912
59047268193
75203864150
94238561770
53162840794
26739845168
89261704320
31576248907
68405921376
59724031548
25368149760
47958632012
67105283498
50382164976
42961785039
86453071250
90417352861
36547029108
70815243679
20658193742
43892761560
15734068291
82965437108
31468275943
60913248756
75382964012
46153802975
52640791863
97183456020
82431596075
41728365092
30761459238
91870243651
58264907326
46398172503
24168597340
60315749268
83925147097
71836290540
59248163057
37026951863
20749865321
63987154062
51469327089
97130645820
68257103946
51374068298
30276945185
50687214391
86305127465
43279651803
57961042389
61240375862
93184652730
20614873950
45796218306
36975482091
83467250178
29136540892
63175902840
49702165385
75068243912
18642057369
82954371096
47816920354
95723860411
67238190527
54137062893
60953274180
27491685361
95173064280
28374956106
51482670953
60847123975
63728049218
53691784062
47135690284
35720846961
20981374652
98473156249
75293681050
46724938106
82735469013
95317068452
30856749261
45926837184
61325087406
97153468250
31547962098
60185237462
39456172850
25971684301
85724913607
63098527148
90136748259
76041835920
48769213504
90345172830
82096457371
74639150864
51168432907
35092678159
49763120540
82751046392
38562497018
27438596173
51873960241
97368215046
39421580607
21573908692
70168246357
86013429705
25368147904
48537602917
64389025169
31785924063
95147638250
62350719846
49873650219
50261489723
86294051738
45962087153
30784656192
19543072864
27405193682
61780945325
43891027614
72946105873
35167420956
98526403182
51073248936
64215378960
39475261805
25849603174
31547986020
59217436815
80426753901
20374968165
73810695240
56243978105
91762034871
47931568204
86532714956
64015873920
52068473197
34982756102
93061748521
58246039708
68149537062
83751092604
45132760819
26597843206
34768021590
41802756361
92043768154
57386214950
68413520976
45296837120
50961427835
63042851791
26083147956
31759648502
90452863179
65209134876
48157230693
60381547250
87294501368
36720491558
19304762159
71083624597
58416230768
62340187592
30958162473
14592680375
69521748350
28163957043
90451786269
15028369482
70596238147
52713864935
41635972810
26409517361
51384276094
38625197485
47930628572
70451862360
95173628041
62310485952
40587613209
15296074835
64378251067
25983710694
39861750285
81072634957
26180435792
95460382761
39251708460
48267039507
25984136750
90461823576
73825194602
59170328756
64305187294
87013642059
70653194782
31527864905
51380742660
85261943701
47205638139
58432176985
69724051862
25968437150
31569248709
62193850746
87265134925
53402689175
19573186024
47016235897
25139764085
61395048271
35870214964
58276039180
40987632157
23450967182
57241869039
80452719360
31782546902
95237468157
26385974061
54721983605
84362051782
47051893261
60234817594
95128046713
73649258107
81405392650
36741820591
94360275183
15237468092
50426137985
93152780461
62047183529
67105948270
28964571053
17402683960
85061923757
68125746930
53698120457
17260395849
65437281065
98374165021
65980721438
25476390128
35281746050
20593674168
91748265034
80632715495
43179526860
50316289774
37019568452
52476183910
69207451836
30146752908
59371820456
25389417620
61927850314
75132846902
80254361789
93657041861
47209165387
60198435269
41075368294
57021349680
75268394116
36218507493
68375049126
29164738597
50297183674
64085321792
57149320668
86410975325
79126548036
35793162084
60924857132
26853790415
14576829390
90736485261
52017483960
47195382026
39580762481
60458372915
97264051835
51327846920
36197458023
41825693761
25984031765
30261947850
54183692570
98167324506
50629873147
21743986053
79460158269
68325701470
35416287951
60281374569
57160493820
36587109264
81753042906
27841956327
49870362190
64152980376
61398247584
30764185935
26395147806
85072314960
90382745162
15076839240
49153620873
62047835091
75943128567
90361457829
53697182064
79123564817
31649750823
94351760285
52470318609
89067245137
50819426365
97031284527
61382405970
35294071681
25437096816
86071453902
29578416357
52630479180
37146952806
64958723018
85046273139
53714928062
45130628957
89324156038
71685304267
24816750394
68291365028
17045986250
31472850963
25487169082
59137680427
80564237915
64321579068
91760425803
50371294605
75863129408
30926758162
39578614027
84759162038
52460713892
87015943650
61947302574
70251698431
45137862069
20619537483
90271658347
61702593462
53841976207
58103764239
91528637405
34876250167
57264801950
63921084572
80496531286
25643718049
31589247060
74015389629
49372856106
87095164735
52069437218
62843970156
92178563402
40281395675
57462981325
63751049271
92348675190
15973682450
20467135829
85067193274
24918560713
70194256358
89634715204
65953871026
37652148950
58249067381
31257650984
62089374165
51843097267
73629158450
90536287102
42957863157
81352749603
57413680925
69405873162
31984560743
48056732910
27139568482
82596473106
35812490547
41037265892
62371950486
76084519302
19452683761
35408672915
70256849143
21867453902
73165098652
68243015760
45379102865
30715948630
81467235906
25139876058
59247138623
60793524815
48126370509
83561470257
47625819364
69053712409
51389260480
74068925361
60172849253
85941637209
37160254918
60218457369
90531768214
65024873106
36251409750
97306248516
58714320965
21075864392
54873120986
31097625451
39450872160
57263948130
51724098659
20814637502
37982561094
62459138728
95231480650
60371825916
82947615057
60329157843
41978063251
24568017394
39168250736
57280619408
95437160862
81930572416
76058213943
49165720385
35018764027
81562043791
67254830964
10367289557
95374286061
64953182750
23789165049
47065312807
59832671502
30974586123
86153849205
41706325918
59467108302
50831427679
28197546357
80967258102
23754906184
62130574893
60283749160
49185023715
37641985062
84376059128
65289307450
38517662904
50726385179
97148065362
31294570816
59647823091
75261350984
60841752603
64253107896
30726485071
18543692075
49160783205
62497158339
20987641328
70648932570
51243876905
90561483072
67924518306
72580169493
26354718960
48059162703
58743196025
61275849310
85673219057
60247183962
51329867047
79315640286
68301527470
95074631852
21395486071
58243967105
89425163071
14765832094
30741652865
72053186479
18360295684
90427356120
53968074251
63820941763
30467128592
71569028301
53846791326
29587014367
46125073859
63245068107
21937580458
97061380425
26357861902
57219345061
40973182635
15634928050
48961305247
32865917506
63120574839
41952768051
97068351426
38097215649
83726451908
56318024592
20976435071
36789361250
68249107364
94185763208
23174069056
19357280493
51472360971
87106342950
30829761254
69251780308
63198240529
20615438976
54762198305
49160273814
87961520453
76048961235
51273486904
90763245811
21679583407
56802463928
15307948620
70285097634
65431782062
74195036205
49163073821
30815467235
42069756192
57340629150
26876349785
54309876261
52048736192
78193506247
63218754090
59347280106
50619372841
37069514859
82456190732
63708415958
70137562492
42879365015
65034721970
19860453276
81251940713
68403925126
49587361041
27368145620
59186037457
16094527830
42357865091
25741680362
98217460345
61705349276
83514760985
67039251807
21463897536
42679180350
30485712693
50167249835
37965208194
71058134960
14567239807
49258103674
82715360924
51273486905
69053817462
91756402835
83602145975
47913026458
24965708126
10850327691
62315947087
54126387905
92716045830
41527063983
85061297453
51967083274
28360517481
60947213895
40872356107
53204781602
75183640265
26498157009
93108427663
50825749136
29351768201
64201357869
15634780254
72059864351
27384965071
51487203905
83925761480
32074956806
27385462970
89170534621
41968750238
52916340781
60519427839
92671805074
51387062425
83621750974
38274056105
67350912840
90125864703
58417326981
67219458023
28507361479
14936752084
50614987130
23596178462
63107039574
50792186356
27960875341
52169708349
28369475106
85214367920
49186307562
20531649897
75920836401
68204379526
51387620941
32015768492
40725163978
39852467105
96713450827
61845932071
23174598062
45193072506
85097649153
70362851429
86904315702
32781965458
48260317075
16379420561
93027841607
65359128079
51834605270
57280436192
29153760450
49317028659
38967082102
43178950637
60719235874
39026470185
63120975428
58071639290
72456103958
14637058294
45378920612
29315647805
65749210386
94016857312
83109547260
30574218639
40875126365
35186479028
79256014803
25967403517
82051673951
51342870926
46291703564
52647039185
20356814096
76190583248
93167205071