+34 601 123 456
+34 612 234 567
+34 623 345 678
+34 634 456 789
+34 645 567 890
+34 656 678 901
+34 667 789 012
+34 678 890 123
+34 689 901 234
+34 600 012 345
+34 611 123 456
+34 622 234 567
+34 633 345 678
+34 644 456 789
+34 655 567 890
+34 666 678 901
+34 677 789 012
+34 688 890 123
+34 699 901 234
+34 601 012 345
+34 612 123 456
+34 623 234 567
+34 634 345 678
+34 645 456 789
+34 656 567 890
+34 667 678 901
+34 678 789 012
+34 689 890 123
+34 600 901 234
+34 611 012 345
+34 622 123 456
+34 633 234 567
+34 644 345 678
+34 655 456 789
+34 666 567 890
+34 677 678 901
+34 688 789 012
+34 699 890 123
+34 601 901 234
+34 612 012 345
+34 623 123 456
+34 634 234 567
+34 645 345 678
+34 656 456 789
+34 667 567 890
+34 678 678 901
+34 689 789 012
+34 600 890 123
+34 611 901 234
+34 622 012 345
+34 633 123 456
+34 644 234 567
+34 655 345 678
+34 666 456 789
+34 677 567 890
+34 688 678 901
+34 699 789 012
+34 601 890 123
+34 612 901 234
+34 623 012 345
+34 634 123 456
+34 645 234 567
+34 656 345 678
+34 667 456 789
+34 678 567 890
+34 689 678 901
+34 600 789 012
+34 611 890 123
+34 622 901 234
+34 633 012 345
+34 644 123 456
+34 655 234 567
+34 666 345 678
+34 677 456 789
+34 688 567 890
+34 699 678 901
+34 601 789 012
+34 612 890 123
+34 623 901 234
+34 634 012 345
+34 645 123 456
+34 656 234 567
+34 667 345 678
+34 678 456 789
+34 689 567 890
+34 600 678 901
+34 611 789 012
+34 622 890 123
+34 633 901 234
+34 644 012 345
+34 655 123 456
+34 666 234 567
+34 677 345 678
+34 688 456 789
+34 699 567 890
+34 601 678 901
+34 612 789 012
+34 623 890 123
+34 634 901 234
+34 645 012 345
+34 656 123 456
+34 667 234 567
+34 678 345 678
+34 689 456 789
+34 600 567 890
+34 611 678 901
+34 622 789 012
+34 633 890 123
+34 644 901 234
+34 655 012 345
+34 666 123 456
+34 677 234 567
+34 688 345 678
+34 699 456 789
+34 601 567 890
+34 612 678 901
+34 623 789 012
+34 634 890 123
+34 645 901 234
+34 656 012 345
+34 667 123 456
+34 678 234 567
+34 689 345 678
+34 600 456 789
+34 611 567 890
+34 622 678 901
+34 633 789 012
+34 644 890 123
+34 655 901 234
+34 666 012 345
+34 677 123 456
+34 688 234 567
+34 699 345 678
+34 601 456 789
+34 612 567 890
+34 623 678 901
+34 634 789 012
+34 645 890 123
+34 656 901 234
+34 667 012 345
+34 678 123 456
+34 689 234 567
+34 600 345 678
+34 611 456 789
+34 622 567 890
+34 633 678 901
+34 644 789 012
+34 655 890 123
+34 666 901 234
+34 677 012 345
+34 688 123 456
+34 699 234 567
+34 601 345 678
+34 612 456 789
+34 623 567 890
+34 634 678 901
+34 645 789 012
+34 656 890 123
+34 667 901 234
+34 678 012 345
+34 689 123 456
+34 600 234 567
+34 611 345 678
+34 622 456 789
+34 633 567 890
+34 644 678 901
+34 655 789 012
+34 666 890 123
+34 677 901 234
+34 688 012 345
+34 699 123 456
+34 601 234 567
+34 612 345 678
+34 623 456 789
+34 634 567 890
+34 645 678 901
+34 656 789 012
+34 667 890 123
+34 678 901 234
+34 689 012 345
+34 600 123 456
+34 611 234 567
+34 622 345 678
+34 633 456 789
+34 456 567 890
+34 655 678 901
+34 666 789 012
+34 677 890 123
+34 688 901 234
+34 699 012 345
+34 678 234 561
+34 689 345 671
+34 600 456 711
+34 611 567 892
+34 622 678 903
+34 633 789 014
+34 644 890 121
+34 655 901 237
+34 666 012 341
+34 677 123 458
+34 688 234 564
+34 699 345 673
+34 601 456 782
+34 612 567 892
+34 623 678 904
+34 634 789 017
+34 645 890 120
+34 656 901 230
+34 667 012 340
+34 678 123 450
+34 689 234 562
+34 600 345 670
+34 611 456 785
+34 622 567 893
+34 633 678 903
+34 644 789 013
+34 655 890 124
+34 666 901 235
+34 677 012 346
+34 688 123 457
+34 699 234 568
+34 601 345 679
+34 612 456 780
+34 623 567 891
+34 634 678 902
+34 645 789 013
+34 656 890 124
+34 667 901 235
+34 678 012 346
+34 689 123 457
+34 600 234 568
+34 611 345 679
+34 622 456 780
+34 633 567 891
+34 644 678 902
+34 655 789 013
+34 666 890 124
+34 677 901 235
+34 688 012 346
+34 699 123 457
+34 601 234 568
+34 612 345 679
+34 623 456 780
+34 634 567 891
+34 645 678 902
+34 656 789 013
+34 667 890 124
+34 678 901 235
+34 689 012 346
+34 600 123 457
+34 611 234 568
+34 622 345 679
+34 633 456 780
+34 644 567 891
+34 655 678 902
+34 666 789 013
+34 677 890 124
+34 688 901 235
+34 699 012 346
+34 601 123 457
+34 612 234 568
+34 623 345 679
+34 634 456 780
+34 645 567 891
+34 656 678 902
+34 667 789 013
+34 678 890 124
+34 689 901 235
+34 600 012 346
+34 611 123 457
+34 622 234 568
+34 633 345 679
+34 644 456 780
+34 655 567 891
+34 666 678 902
+34 677 789 013
+34 688 890 124
+34 699 901 235
+34 601 012 346
+34 612 123 457
+34 623 234 568
+34 634 345 679
+34 645 456 780
+34 656 567 891
+34 667 678 902
+34 678 789 013
+34 689 890 124
+34 600 901 235
+34 611 012 346
+34 622 123 457
+34 633 234 568
+34 644 345 679
+34 655 456 780
+34 666 567 891
+34 677 678 902
+34 688 789 013
+34 699 890 124
+34 601 901 235
+34 612 012 346
+34 623 123 457
+34 634 234 568
+34 645 345 679
+34 656 456 780
+34 667 567 891
+34 678 678 902
+34 689 789 013
+34 600 890 124
+34 611 901 235
+34 622 012 346
+34 633 123 457
+34 644 234 568
+34 655 345 679
+34 666 456 780
+34 677 567 891
+34 688 678 902
+34 699 789 013
+34 601 890 124
+34 612 901 235
+34 623 012 346
+34 634 123 457
+34 645 234 568
+34 656 345 679
+34 667 456 780
+34 678 567 891
+34 689 678 902
+34 600 789 013
+34 611 890 124
+34 622 901 235
+34 633 012 346
+34 644 123 457
+34 655 234 568
+34 666 345 679
+34 677 456 780
+34 688 567 891
+34 699 678 902
+34 601 789 013
+34 612 890 124
+34 623 901 235
+34 634 012 346
+34 645 123 457
+34 656 234 568
+34 667 345 679
+34 678 456 780
+34 689 567 891
+34 600 678 902
+34 611 789 013
+34 622 890 124
+34 633 901 235
+34 644 012 346
+34 655 123 457
+34 666 234 568
+34 677 345 679
+34 688 456 780
+34 699 567 891
+34 601 678 902
+34 612 789 013
+34 623 890 124
+34 634 901 235
+34 645 012 346
+34 656 123 457
+34 667 234 568
+34 678 345 679
+34 689 456 780
+34 600 567 891
+34 611 678 902
+34 622 789 013
+34 633 890 124
+34 644 901 235
+34 655 012 346
+34 666 123 457
+34 677 234 568
+34 688 345 679
+34 699 456 780
+34 601 567 891
+34 612 678 902
+34 623 789 013
+34 634 890 124
+34 645 901 235
+34 656 012 346
+34 667 123 457
+34 678 234 568
+34 689 345 679
+34 600 456 780
+34 611 567 891
+34 622 678 902
+34 633 789 013
+34 644 890 124
+34 655 901 235
+34 666 012 346
+34 677 123 457
+34 688 234 568
+34 699 345 679
+34 601 456 780
+34 612 567 891
+34 623 678 902
+34 634 789 013
+34 645 890 124
+34 656 901 235
+34 667 012 346
+34 678 123 457
+34 689 234 568
+34 600 345 679
+34 612 345 680
+34 623 456 781
+34 634 567 892
+34 645 678 903
+34 656 789 014
+34 667 890 125
+34 678 901 236
+34 689 012 347
+34 600 123 458
+34 611 234 569
+34 622 345 680
+34 633 456 781
+34 644 567 892
+34 655 678 903
+34 666 789 014
+34 677 890 125
+34 688 901 236
+34 699 012 347
+34 601 123 458
+34 612 234 569
+34 623 345 680
+34 634 456 781
+34 645 567 892
+34 656 678 903
+34 667 789 014
+34 678 890 125
+34 689 901 236
+34 600 012 347
+34 611 123 458
+34 622 234 569
+34 633 345 680
+34 644 456 781
+34 655 567 892
+34 666 678 903
+34 677 789 014
+34 688 890 125
+34 699 901 236
+34 601 012 347
+34 612 123 458
+34 623 234 569
+34 634 345 680
+34 645 456 781
+34 656 567 892
+34 667 678 903
+34 678 789 014
+34 689 890 125
+34 600 901 236
+34 611 012 347
+34 622 123 458
+34 633 234 569
+34 644 345 680
+34 655 456 781
+34 666 567 892
+34 677 678 903
+34 688 789 014
+34 699 890 125
+34 601 901 236
+34 612 012 347
+34 623 123 458
+34 634 234 569
+34 645 345 680
+34 656 456 781
+34 667 567 892
+34 678 678 903
+34 689 789 014
+34 600 890 125
+34 611 901 236
+34 622 012 347
+34 633 123 458
+34 644 234 569
+34 655 345 680
+34 666 456 781
+34 677 567 892
+34 688 678 903
+34 699 789 014
+34 601 890 125
+34 612 901 236
+34 623 012 347
+34 634 123 458
+34 645 234 569
+34 656 345 680
+34 667 456 781
+34 678 567 892
+34 689 678 903
+34 600 789 014
+34 611 890 125
+34 622 901 236
+34 633 012 347
+34 644 123 458
+34 655 234 569
+34 666 345 680
+34 677 456 781
+34 688 567 892
+34 699 678 903
+34 601 789 014
+34 612 890 125
+34 623 901 236
+34 634 012 347
+34 645 123 458
+34 656 234 569
+34 667 345 680
+34 678 456 781
+34 689 567 892
+34 600 678 903
+34 611 789 014
+34 622 890 125
+34 633 901 236
+34 644 012 347
+34 655 123 458
+34 666 234 569
+34 677 345 680
+34 688 456 781
+34 699 567 892
+34 601 678 903
+34 612 789 014
+34 623 890 125
+34 634 901 236
+34 645 012 347
+34 656 123 458
+34 667 234 569
+34 678 345 680
+34 689 456 781
+34 600 567 892
+34 611 678 903
+34 622 789 014
+34 633 890 125
+34 644 901 236
+34 655 012 347
+34 666 123 458
+34 677 234 569
+34 688 345 680
+34 699 456 781
+34 601 567 892
+34 612 678 903
+34 623 789 014
+34 634 890 125
+34 645 901 236
+34 656 012 347
+34 667 123 458
+34 678 234 569
+34 689 345 680
+34 600 456 783
+34 611 567 896
+34 622 678 906
+34 633 789 016
+34 644 890 126
+34 655 901 236
+34 666 012 347
+34 677 123 451
+34 688 234 569
+34 699 345 681
+34 601 456 787
+34 612 567 823
+34 623 678 913
+34 632 789 013
+34 645 890 156
+34 656 901 223
+34 661 012 345
+34 678 123 458
+34 689 234 569
+34 600 345 680
+34 611 456 781
+34 622 567 892
+34 631 678 903
+34 644 789 014
+34 655 890 125
+34 666 901 236
+34 677 012 347
+34 688 123 458
+34 699 234 569
+34 601 345 680
+34 600 456 781
+34 623 567 892
+34 638 678 903
+34 645 789 014
+34 656 890 125
+34 667 901 236
+34 678 012 347
+34 689 123 458
+34 600 234 569
+34 611 345 680
+34 622 456 781
+34 633 567 892
+34 644 678 903
+34 655 789 014
+34 666 890 125
+34 677 901 236
+34 688 012 347
+34 699 123 458
+34 601 234 569
+34 612 335 680
+34 623 436 781
+34 634 537 892
+34 645 618 903
+34 656 749 014
+34 667 840 125
+34 678 991 236
+34 689 012 307
+34 600 323 458
+34 611 224 569
+34 622 345 880
+34 633 456 771
+34 644 567 890
+34 655 678 922
+34 666 789 903
+34 677 890 453
+34 888 901 234
+34 699 012 234
+34 601 123 765
+34 612 234 008
+34 623 345 567
+34 634 456 792
+34 645 567 903
+34 656 678 914
+34 667 789 025
+34 678 890 136
+34 689 901 247
+34 600 012 358
+34 611 123 469
+34 622 234 580
+34 633 345 691
+34 644 456 702
+34 655 567 813
+34 666 678 924
+34 677 789 035
+34 688 890 146
+34 699 901 257
+34 601 012 368
+34 612 123 479
+34 623 234 580
+34 634 345 691
+34 645 456 222
+34 656 567 222
+34 667 678 000
+34 678 789 223
+34 689 890 678
+34 600 931 987
+34 611 232 468
+34 622 383 579
+34 633 064 680
+34 644 195 791
+34 655 596 802
+34 666 147 913
+34 677 628 024
+34 688 129 135
+34 699 340 246
+34 601 121 357
+34 612 972 468
+34 623 453 579
+34 634 984 680
+34 645 005 791
+34 656 096 802
+34 667 757 913
+34 678 318 024
+34 689 639 135
+34 600 050 246
+34 611 301 357
+34 622 062 468
+34 633 343 579
+34 644 454 680
+34 655 565 791
+34 666 986 802
+34 377 567 913
+34 388 678 024
+34 299 789 135
+34 201 890 246
+34 312 901 357
+34 923 012 468
+34 934 123 579
+34 945 234 680
+34 956 345 791
+34 967 456 802
+34 778 567 913
+34 789 678 024
+34 120 789 135
+34 111 890 246
+34 222 901 357
+34 133 012 468
+34 144 123 579
+34 155 234 680
+34 166 345 791
+34 177 456 802
+34 188 567 913
+34 559 678 024
+34 441 789 135
+34 542 890 246
+34 763 901 357
+34 764 012 468
+34 875 123 579
+34 776 234 680
+34 117 345 791
+34 228 456 802
+34 129 567 913
+34 210 678 024
+34 231 789 135
+34 212 890 246
+34 773 901 357
+34 044 012 468
+34 955 123 579
+34 466 234 680
+34 377 345 791
+34 288 456 802
+34 299 567 913
+34 801 678 024
+34 122 789 135
+34 733 890 246
+34 944 901 357
+34 485 012 468
+34 276 123 579
+34 527 234 680
+34 258 345 791
+34 359 456 802
+34 790 567 913
+34 561 678 024
+34 072 789 135
+34 853 890 246
+34 594 901 357
+34 595 012 468
+34 556 103 579
+34 347 234 680
+34 288 345 791
+34 299 456 802
+34 201 567 913
+34 212 678 024
+34 423 789 135
+34 434 890 246
+34 445 901 357
+34 256 012 468
+34 467 123 579
+34 378 234 680
+34 389 345 791
+34 300 456 802
+34 311 567 913
+34 322 678 024
+34 833 789 135
+34 844 890 246
+34 855 901 357
+34 866 012 468
+34 977 123 579
+34 988 234 680
+34 999 345 791
+34 901 456 802
+34 912 567 913
+34 923 678 024
+34 934 789 135
+34 245 890 246
+34 156 901 357
+34 167 012 468
+34 678 143 579
+34 689 234 680
+34 600 335 791
+34 611 456 802
+34 622 537 913
+34 633 638 024
+34 644 739 135
+34 655 893 246
+34 666 921 357
+34 677 032 468
+34 688 153 579
+34 699 294 680
+34 601 335 791
+34 612 426 802
+34 623 527 913
+34 634 628 024
+34 645 729 135
+34 656 810 246
+34 667 951 357
+34 678 013 468
+34 689 143 579
+34 600 244 680
+34 611 345 791
+34 622 446 802
+34 633 547 913
+34 644 648 024
+34 655 749 135
+34 666 840 246
+34 677 941 357
+34 688 042 468
+34 699 143 579
+34 601 244 680
+34 612 375 791
+34 623 476 802
+34 634 577 913
+34 645 658 024
+34 656 679 135
+34 667 850 246
+34 678 901 357
+34 689 012 468
+34 600 123 579
+34 611 234 680
+34 622 345 791
+34 633 456 802
+34 644 567 913
+34 655 678 024
+34 666 789 135
+34 677 890 246
+34 688 901 357
+34 699 012 468
+34 601 123 579
+34 612 234 680
+34 623 345 791
+34 634 456 802
+34 645 567 913
+34 656 678 024
+34 667 789 135
+34 678 890 246
+34 689 901 357
+34 600 012 468
+34 611 123 579
+34 622 234 680
+34 633 345 791
+34 644 456 802
+34 655 567 913
+34 666 678 024
+34 677 789 135
+34 688 890 246
+34 699 901 357
+34 601 012 468
+34 612 123 579
+34 623 234 680
+34 634 345 791
+34 645 456 802
+34 656 567 913
+34 667 678 024
+34 678 789 135
+34 689 890 246
+34 600 901 357
+34 611 012 468
+34 622 123 579
+34 633 234 680
+34 644 345 791
+34 655 456 802
+34 666 567 913
+34 677 678 024
+34 688 789 135
+34 699 890 246
+34 601 901 357
+34 612 012 468
+34 623 123 579
+34 634 234 680
+34 645 345 791
+34 656 456 802
+34 667 567 913
+34 678 678 024
+34 689 789 135
+34 600 890 246
+34 611 901 357
+34 622 012 468
+34 633 123 579
+34 644 234 680
+34 655 345 791
+34 666 456 802
+34 677 567 913
+34 688 678 024
+34 699 789 135
+34 601 890 246
+34 612 901 357
+34 623 012 468
+34 634 123 579
+34 645 234 680
+34 656 345 791
+34 667 456 802
+34 678 567 913
+34 689 678 024
+34 600 789 135
+34 611 890 246
+34 622 901 357
+34 633 012 468
+34 644 123 579
+34 655 234 680
+34 666 345 791
+34 677 456 802
+34 688 567 913
+34 699 678 024
+34 601 789 135
+34 612 890 246
+34 623 901 357
+34 634 012 468
+34 645 123 579
+34 656 234 680
+34 667 345 791
+34 678 456 802
+34 689 567 913
+34 600 678 024
+34 611 789 135
+34 622 890 246
+34 633 901 357
+34 644 012 468
+34 655 123 579
+34 666 234 680
+34 677 345 791
+34 688 456 802
+34 699 567 913
+34 601 678 024
+34 612 789 135
+34 623 890 246
+34 634 901 357
+34 645 012 468
+34 656 123 579
+34 667 234 680
+34 678 345 791
+34 689 456 802
+34 600 567 913
+34 611 678 024
+34 622 789 135
+34 633 890 246
+34 644 901 357
+34 655 012 468
+34 666 123 579
+34 677 234 680
+34 688 345 791
+34 699 456 802
+34 601 214 567
+34 612 315 678
+34 623 416 789
+34 634 517 890
+34 645 618 901
+34 656 719 012
+34 667 810 123
+34 678 911 234
+34 689 032 345
+34 600 113 456
+34 611 214 567
+34 622 395 678
+34 633 469 789
+34 644 597 890
+34 125 698 901
+34 236 799 012
+34 567 870 123
+34 886 971 234
+34 669 072 345
+34 121 24 567
+34 802 375 678
+34 573 416 789
+34 384 557 890
+34 335 648 901
+34 096 739 012
+34 887 890 123
+34 988 901 234
+34 679 012 345
+34 230 123 456
+34 111 234 500
+34 132 345 678
+34 433 456 789
+34 234 567 890
+34 555 678 901
+34 876 789 012
+34 197 890 123
+34 556 123 579
+34 367 234 680
+34 378 345 791
+34 389 456 802
+34 200 567 913
+34 211 678 024
+34 222 789 135
+34 233 890 246
+34 244 901 357
+34 755 012 468
+34 766 123 579
+34 607 234 680
+34 888 345 791
+34 899 456 802
+34 801 234 567
+34 812 345 678
+34 523 456 789
+34 534 567 890
+34 545 678 901
+34 456 789 012
+34 267 890 123
+34 278 901 234
+34 289 012 345
+34 200 123 456
+34 211 234 567
+34 122 345 678
+34 133 456 789
+34 144 567 890
+34 125 678 901
+34 136 789 012
+34 167 890 123
+34 186 901 234
+34 169 012 345
+34 121 234 567
+34 002 345 678
+34 553 456 789
+34 784 567 890
+34 335 678 901
+34 096 339 012
+34 887 330 123
+34 988 931 234
+34 679 332 345
+34 230 133 456
+34 111 234 567
+34 132 365 678
+34 433 466 789
+34 234 557 890
+34 555 638 901
+34 876 749 012
+34 097 800 123